7.370	-0.330	15.044	 1
6.673	-0.646	16.392	 1
6.479	0.226	16.282	 1
2.198	-2.139	8.164	-1
5.495	0.496	15.314	 1
4.133	2.016	21.586	-1
5.990	0.440	14.476	 1
5.979	-1.043	13.096	 1
6.606	-1.076	16.822	 1
4.072	-3.111	20.299	-1
5.802	-0.055	16.537	 1
5.576	0.471	15.541	 1
11.356	-3.870	19.638	-1
7.058	-1.210	13.131	 1
8.729	-3.273	11.492	-1
11.791	3.276	20.834	-1
5.620	-0.167	13.272	 1
4.083	-3.245	8.790	-1
6.419	-0.618	13.767	 1
6.319	0.277	15.326	 1
10.338	-3.959	9.215	-1
6.312	-1.419	13.891	 1
3.905	5.966	20.367	-1
9.688	-3.803	6.319	-1
8.269	-3.808	20.661	-1
6.086	0.180	16.342	 1
8.234	-3.264	20.223	-1
10.176	-3.369	5.973	-1
2.326	-3.473	11.050	-1
4.677	-2.114	21.678	-1
2.577	-2.507	10.644	-1
3.294	4.911	21.780	-1
3.062	7.973	19.557	-1
11.876	-3.353	9.955	-1
6.543	0.260	15.363	 1
9.589	5.633	7.839	-1
3.666	-3.262	10.436	-1
6.285	-1.204	14.573	 1
7.410	0.039	14.119	 1
5.706	-0.742	14.629	 1
2.302	-2.529	23.387	-1
8.334	-3.385	10.873	-1
2.873	2.509	20.781	-1
10.003	-3.915	11.664	-1
1.152	3.842	20.494	-1
6.143	-0.891	16.337	 1
5.562	0.004	15.078	 1
6.835	0.224	15.108	 1
4.918	-2.629	19.712	-1
4.068	2.678	10.413	-1
4.243	-3.731	18.789	-1
2.736	2.483	8.677	-1
6.335	0.853	14.699	 1
8.512	3.168	6.763	-1
5.715	-1.215	16.541	 1
4.899	4.454	22.899	-1
2.317	7.193	20.982	-1
5.578	-1.120	16.848	 1
6.259	-0.727	15.125	 1
6.934	0.797	16.794	 1
4.714	-3.260	21.236	-1
1.468	7.822	9.771	-1
7.212	-0.471	15.539	 1
3.386	6.087	11.865	-1
2.385	-3.261	20.413	-1
7.258	0.727	14.624	 1
11.327	-3.204	5.519	-1
6.384	0.056	14.673	 1
11.231	-3.394	23.213	-1
9.757	-3.638	6.914	-1
5.401	-0.965	13.356	 1
7.095	-0.716	14.960	 1
7.466	-1.074	16.531	 1
8.563	4.833	20.087	-1
11.351	-2.816	17.707	-1
1.701	-3.119	21.890	-1
4.183	-2.122	8.237	-1
9.771	5.330	9.135	-1
2.279	-3.286	22.429	-1
4.418	2.019	18.541	-1
5.955	0.576	15.862	 1
7.465	-1.429	16.902	 1
7.074	-1.327	15.610	 1
5.950	-0.299	16.503	 1
9.722	-2.983	7.810	-1
6.730	0.883	15.064	 1
11.280	6.161	22.977	-1
11.478	-2.738	10.814	-1
7.216	-0.551	14.961	 1
4.305	-2.714	22.846	-1
11.994	3.299	19.786	-1
11.809	-3.048	9.786	-1
3.046	7.362	11.652	-1
6.741	-1.145	16.747	 1
2.924	7.310	11.480	-1
10.971	7.432	11.631	-1
10.870	-3.139	19.364	-1
3.184	-3.448	11.018	-1
1.050	-2.057	10.186	-1
1.989	6.753	11.480	-1
